100
3 11000000 26000000 6000000
3 1 10 11
3 85885209 31572199 31572199
3 25531117 25531117 3837956
2 85084867 30173124
3 58887612 58887612 9629321
2 59363211 7969647
2 75356903 12364109
2 95212496 35255891
3 71790106 71790106 27884043
3 76513737 34942499 34942499
3 2747532 83242300 83242300
2 36732907 20416213
2 21421628 28225180
2 22707118 30768873
3 7833447 7833447 6444490
2 12712904 17095818
3 12977193 11454622 12977193
3 5859583 8817814 5859583
2 73669802 37116451
3 36882937 36882937 47427660
2 20761007 30392527
3 50907995 10181599 50907995
2 93202696 46601348
3 40259592 40259592 80519184
3 7285039 7285039 94705507
2 93758358 46879179
3 40051907 40051907 80103814
2 65650690 6565069
3 80042422 80042422 40021211
2 89086173 29695391
2 4345333 52143996
3 72906790 72906790 87488148
3 65211565 65211565 78253878
2 53445222 50476043
3 34875381 34875381 46500508
2 66212869 68002406
2 66288924 44192616
2 24793455 16528970
3 49400155 42342990 42342990
3 95528476 71646357 95528476
3 73374681 97832908 73374681
3 4685 6818 4686
3 46463 46462 3776
3 325913 4800 3776
3 41434155 823455 72787880
3 45962745 33289480 22154846
3 6752919 19660539 24331323
3 18068608 11489308 735708
3 17002275 7539171 33187187
3 1542057 47434037 9329505
3 255348 4947108 25005420
3 10374623 12323519 18360895
3 18962616 17824 23362488
3 24836123 58242683 1651331
3 5449040 47495120 26735600
3 10163075 38909267 58150970
3 50822122 28101802 148522
3 8484385 4123273 303373
3 2678760 5610514 54877375
3 10847976 9704346 21903648
3 19139962 2640988 15378390
3 17912665 5905657 16854985
3 12875652 30632004 40531212
3 4346648 7869176 50468088
3 21174721 53933161 41501937
3 38489396 6605186 66911508
3 25576550 23133750 8459900
3 33877012 38251690 21432349
3 33304681 33107101 12811861
3 48580782 94519887 3098876
3 24505972 56563950 63595128
3 9660405 36863110 10844055
3 8587558 13367918 2656478
3 52768711 84650925 11657207
3 10404815 3083835 19281795
3 11715750 15573375 32190690
3 3972423 14625955 851359
3 41704585 64149215 17783545
3 37033647 39391289 2708470
3 1541006 27747690 36167290
3 14073227 3101011 22074015
3 28370802 55824092 3135097
3 757534 3518470 32658646
3 11583305 24767182 52901390
3 23589741 10150398 6639618
3 3349562 29667974 33338084
3 7828436 22823416 14925988
3 364385 24025 429155
3 2882378 6173687 3024155
3 17201971 48912671 22949146
3 35283174 44097559 40900994
3 16684992 43269228 30196728
3 39427248 28776948 69144024
3 1485538 84212506 35276138
3 24462284 62919248 45543344
3 41740522 92159686 26582431
3 96982886 28803320 50847394
3 31073653 66464425 12645973
3 16203113 664268 6722902
