10000
8 72
4 34
5 56
6 35
9 44
9 23
3 58
9 44
7 90
6 22
9 47
3 15
6 87
7 58
8 28
8 64
8 83
4 5
7 45
8 28
9 74
5 82
1 49
7 7
2 50
10 98
6 88
10 87
8 10
5 58
4 15
3 90
5 29
4 28
6 18
7 31
9 27
6 73
1 36
7 5
6 43
8 93
3 89
8 31
7 35
10 53
9 98
3 71
6 66
5 0
6 90
10 33
4 75
8 97
10 23
1 32
3 52
2 55
10 50
6 81
6 89
3 62
5 20
5 77
3 9
10 27
6 26
7 7
1 67
10 66
3 2
3 26
7 18
4 95
5 48
6 37
7 68
2 53
5 21
1 49
2 1
10 30
6 6
8 57
3 58
5 62
1 52
8 72
3 70
7 11
8 11
10 72
2 79
5 64
3 39
3 53
8 27
2 70
1 30
4 13
9 24
10 34
7 90
5 68
4 30
8 10
6 5
10 100
3 17
1 57
4 64
6 53
8 50
8 38
2 29
4 18
10 92
4 42
1 4
6 58
2 90
9 22
1 24
5 73
10 8
6 49
7 52
9 94
1 69
6 43
3 12
2 23
3 89
4 56
2 5
3 71
8 5
7 44
5 45
10 10
1 8
8 28
1 50
7 70
2 41
2 48
9 34
7 76
7 51
8 81
1 30
7 46
9 35
3 72
6 89
3 5
1 0
4 34
7 7
10 42
6 38
8 19
2 89
2 29
10 14
10 91
8 7
3 14
5 0
1 9
10 52
7 82
3 75
3 96
3 42
2 39
3 66
9 57
5 16
1 5
6 17
8 83
10 66
5 82
2 41
3 34
9 35
1 0
6 38
6 49
9 81
7 15
9 91
8 77
2 70
10 7
9 17
5 22
7 6
3 2
7 29
8 48
1 39
8 84
7 78
10 72
5 81
4 2
1 81
5 13
9 85
3 85
3 36
1 6
8 62
8 58
2 36
4 60
3 50
5 47
9 81
2 21
10 0
3 57
2 91
7 91
1 99
4 7
6 97
1 32
5 85
6 77
7 71
7 48
6 71
3 23
4 91
9 86
8 95
7 36
6 41
5 62
8 29
9 43
2 86
8 56
10 24
10 94
4 35
6 77
9 76
7 38
5 58
6 92
7 48
4 60
7 41
5 60
1 62
8 70
4 24
3 9
5 72
4 71
8 59
9 59
1 33
5 13
10 9
3 63
6 24
8 25
9 35
1 76
5 52
10 37
7 93
10 35
2 87
10 4
1 1
5 73
8 14
5 69
7 72
8 31
7 86
9 13
5 3
6 24
10 35
8 14
5 25
8 42
3 4
3 57
2 71
1 90
6 57
6 70
7 99
3 91
2 23
7 62
6 76
3 23
7 72
2 85
2 28
9 98
4 6
3 87
5 62
2 4
1 98
7 81
7 6
7 58
9 23
1 2
3 12
10 15
9 19
4 38
7 42
5 13
1 13
3 7
2 68
1 15
8 40
3 51
1 39
1 57
3 99
2 31
2 16
9 35
4 11
10 29
10 18
6 52
1 95
10 43
6 63
8 60
7 85
4 49
2 19
9 56
5 15
2 97
4 8
10 36
5 30
4 29
4 77
8 32
6 22
4 47
2 67
8 70
9 37
5 6
1 71
2 42
9 1
7 21
6 24
2 100
10 64
6 59
10 37
4 72
9 81
9 33
8 89
3 66
10 32
10 45
7 49
4 13
3 63
9 0
1 61
1 85
10 73
5 70
9 3
8 33
10 13
5 87
8 73
1 100
8 34
1 9
3 53
8 71
9 51
3 20
3 8
5 7
5 54
3 48
6 18
4 24
5 55
5 17
4 32
1 25
9 22
9 99
8 87
2 70
3 33
6 27
7 44
3 21
1 1
8 41
5 79
10 58
2 80
6 87
10 2
5 87
10 41
10 25
10 67
1 64
6 49
9 19
3 11
2 48
6 100
3 55
1 7
7 38
1 59
2 25
7 57
3 21
8 88
9 92
5 77
8 51
10 80
2 6
1 26
7 69
2 48
2 57
1 12
8 88
4 46
8 92
10 38
7 88
4 6
3 89
8 62
5 79
9 41
6 48
5 84
8 1
10 81
1 3
1 51
8 92
6 63
10 29
9 10
5 73
6 58
1 14
6 67
4 13
4 19
5 37
9 2
9 93
3 23
4 34
3 61
5 13
1 94
2 84
1 76
7 1
7 82
3 17
8 28
1 3
7 10
2 8
6 82
8 79
3 70
6 20
6 21
8 31
3 16
3 24
6 79
10 56
10 100
2 25
2 24
9 99
5 78
6 86
7 82
1 94
4 78
2 3
10 4
6 93
10 47
5 55
4 82
6 70
6 5
7 73
9 34
4 45
9 57
9 66
4 11
6 20
7 51
1 87
7 41
3 38
5 67
10 7
9 7
2 24
4 6
7 76
7 48
1 71
9 56
4 0
7 39
6 24
3 82
2 95
3 49
6 31
6 37
1 7
3 11
3 55
5 44
5 72
7 27
5 6
9 12
8 65
3 17
4 6
6 1
8 24
4 29
1 57
10 60
3 24
4 99
5 9
1 63
3 100
10 53
3 39
7 22
8 85
8 34
9 75
2 23
5 8
6 26
1 97
2 39
8 62
4 41
2 35
9 53
9 14
10 5
8 85
6 75
2 12
1 20
6 10
8 66
9 3
5 99
1 23
4 90
9 42
8 36
1 27
10 95
8 20
1 23
9 49
7 45
4 9
5 88
6 93
2 85
8 46
10 42
1 74
8 63
7 79
7 47
5 31
2 69
1 58
9 22
8 26
1 52
3 80
5 51
3 84
6 64
6 42
5 87
5 18
3 6
1 8
10 11
3 27
10 95
4 53
5 47
1 3
4 73
4 4
1 73
4 38
1 76
8 97
3 15
1 43
5 36
1 36
2 27
5 4
8 95
2 68
3 60
3 18
6 45
2 59
7 59
8 46
9 49
7 78
7 57
9 7
7 12
5 13
3 23
4 76
7 64
5 10
5 50
9 2
9 33
9 93
1 57
7 13
2 5
10 33
10 28
5 21
7 71
8 68
10 55
10 95
4 10
6 29
10 78
3 89
5 73
4 3
5 85
1 37
7 74
1 15
5 62
8 58
9 91
10 74
7 78
2 93
3 97
3 71
4 4
5 98
2 58
4 2
2 20
6 66
10 97
4 20
1 81
10 69
4 9
8 79
5 42
6 82
9 69
6 82
1 47
5 76
6 69
3 45
4 8
2 8
3 16
2 48
2 83
4 13
1 63
4 3
7 56
8 28
3 86
5 69
9 5
5 13
1 20
4 38
7 20
7 93
2 3
2 32
8 96
3 51
1 78
6 65
5 27
8 82
1 64
9 72
10 90
4 65
7 18
10 2
3 3
1 17
6 52
10 16
6 6
10 51
7 58
5 97
2 3
7 46
2 71
8 8
6 87
1 61
10 92
7 87
10 19
3 58
5 45
6 88
3 54
3 37
5 81
5 37
3 54
3 46
8 72
7 21
1 93
4 76
6 53
4 90
5 90
6 37
5 64
9 99
2 60
8 4
10 50
8 64
3 46
4 15
4 80
5 35
3 9
1 57
7 81
10 91
2 52
3 1
6 54
1 82
5 60
1 22
1 95
3 2
6 96
1 44
1 75
5 20
2 70
9 94
1 47
7 42
2 74
5 6
3 47
9 0
9 74
5 37
1 16
4 22
1 31
6 61
2 13
9 2
8 34
9 40
1 81
4 22
8 8
8 74
2 3
9 93
2 19
2 89
9 67
10 1
1 63
6 96
1 41
2 93
8 16
6 69
10 14
4 57
7 5
10 29
8 55
5 35
1 2
4 70
5 90
8 18
6 17
9 66
5 34
2 25
4 72
9 76
1 100
3 23
6 87
5 38
10 36
1 61
7 60
5 39
10 35
7 94
1 36
4 53
4 5
10 37
1 83
10 100
2 66
2 40
7 46
8 55
10 88
2 77
8 47
6 61
7 67
8 98
5 65
7 35
8 94
5 0
3 60
8 58
10 67
1 97
5 10
5 83
8 26
1 1
4 56
3 44
8 22
6 63
10 96
1 58
4 41
7 69
4 56
4 83
6 75
7 58
8 55
9 3
5 24
6 69
1 70
2 94
8 18
1 28
6 34
8 31
8 10
3 93
2 62
2 73
8 43
7 39
8 51
4 43
4 0
2 21
7 50
3 0
5 64
7 89
4 3
8 48
2 73
10 75
10 34
9 80
8 71
1 62
2 58
10 56
1 94
3 13
4 80
4 68
1 87
10 46
2 89
7 9
10 74
4 11
10 69
5 57
9 90
1 76
2 10
9 46
9 0
10 34
1 27
9 59
3 21
3 8
2 83
6 77
8 4
4 32
7 13
9 47
7 86
4 36
9 89
10 50
5 83
5 26
4 1
7 60
1 98
7 83
9 26
7 17
10 65
3 94
10 29
9 46
8 37
9 52
9 33
9 9
4 67
7 53
2 19
5 13
7 19
1 2
4 38
6 54
1 93
2 49
6 46
10 2
3 48
1 85
6 27
2 66
5 54
6 52
1 78
1 76
3 59
10 47
8 33
6 23
8 64
1 96
2 41
1 45
4 58
1 0
4 9
1 43
1 55
4 16
9 1
5 30
10 81
10 51
8 98
2 91
3 39
8 23
3 52
1 95
3 74
9 33
4 9
2 52
8 52
5 4
2 86
4 87
6 55
4 99
3 75
4 24
7 3
6 46
5 49
6 94
6 77
8 18
9 88
5 96
9 72
6 21
6 87
4 94
9 53
7 7
9 6
10 43
1 81
9 51
2 11
1 62
1 39
1 60
1 80
9 43
5 92
2 33
1 71
10 72
1 7
4 96
7 41
7 28
9 2
7 15
6 36
10 43
5 97
8 93
6 18
9 57
4 89
8 31
10 41
5 8
1 84
5 3
4 3
8 8
9 59
1 51
9 94
4 43
7 90
8 66
5 95
3 25
8 38
7 43
2 77
1 17
3 59
2 100
6 63
3 93
3 96
7 31
6 60
5 69
10 57
1 71
4 76
5 83
8 66
9 60
5 42
7 85
9 52
4 43
9 25
4 20
2 70
1 65
10 77
6 92
1 60
10 99
8 40
10 22
9 25
3 82
2 76
2 56
7 91
5 32
2 88
4 54
2 68
5 0
9 47
4 24
6 60
9 28
8 67
6 22
9 8
2 19
6 71
3 8
7 67
1 64
10 99
10 51
8 83
7 16
4 43
6 75
5 57
2 7
2 87
5 52
6 42
4 28
6 62
10 45
7 22
4 67
8 10
9 51
10 99
4 63
5 48
5 80
2 72
7 86
8 52
4 10
5 6
5 89
7 36
7 37
10 92
3 85
4 7
6 37
6 66
1 67
2 100
7 66
9 18
7 85
8 76
10 34
3 45
10 0
9 85
6 53
8 44
3 92
7 27
6 47
5 50
2 100
3 100
10 65
10 85
1 80
3 77
3 81
1 62
2 25
7 87
8 63
2 29
3 24
4 6
10 12
10 66
1 36
10 1
5 90
2 69
10 46
9 51
1 66
3 78
6 7
5 12
2 25
5 80
10 14
8 52
1 49
1 65
1 3
1 33
3 26
7 39
10 25
6 6
10 87
10 77
7 72
6 85
1 80
3 76
2 30
6 70
2 50
4 10
6 73
3 93
6 19
7 46
9 41
10 66
2 32
9 19
3 0
4 50
4 31
2 75
4 91
10 70
5 48
4 70
10 49
9 18
7 6
3 71
1 27
8 56
3 100
9 67
10 5
9 30
6 0
1 0
7 49
8 90
1 55
3 51
8 90
5 2
4 51
5 77
1 93
10 67
8 41
9 98
1 49
7 75
2 16
9 86
2 100
6 39
7 94
6 4
4 100
1 28
6 54
3 78
9 27
10 39
1 28
2 73
3 37
10 28
6 21
6 81
5 51
10 57
7 59
3 58
7 87
9 74
8 9
7 48
3 84
7 14
9 27
1 54
7 94
4 22
1 60
2 100
5 13
6 12
2 17
4 95
3 55
4 94
7 32
8 96
2 81
8 3
9 99
4 16
3 69
4 59
4 88
6 23
8 93
6 71
5 54
1 26
5 28
4 51
1 95
9 81
3 48
6 70
4 90
10 28
1 40
6 33
2 84
6 98
7 2
10 57
7 12
10 100
6 69
6 79
5 86
10 17
4 36
1 9
1 50
4 63
10 71
1 46
2 92
6 45
9 76
8 17
5 56
6 16
8 94
8 99
4 63
3 14
10 55
9 90
5 86
7 19
7 13
7 25
1 27
5 60
1 21
7 7
6 100
6 39
4 76
4 88
5 63
5 5
9 13
7 0
7 38
2 67
7 72
3 60
3 34
2 94
1 87
5 99
8 62
7 89
2 23
1 22
4 19
2 2
9 70
10 58
3 16
1 96
5 29
3 61
7 18
3 18
8 2
8 100
1 70
9 38
5 93
5 81
6 3
3 53
5 32
5 83
10 21
8 1
5 4
6 14
10 97
5 81
7 41
6 91
1 23
4 8
2 98
3 85
3 58
4 69
1 51
6 89
10 32
1 81
7 69
8 47
8 37
3 3
8 16
10 51
2 52
2 45
9 24
4 84
1 8
2 40
6 92
4 6
2 9
2 88
8 99
9 88
10 41
1 94
6 3
6 55
6 95
7 77
3 34
1 54
4 78
10 24
3 91
7 29
3 84
8 18
10 16
6 43
2 49
9 22
7 57
10 78
10 7
5 6
3 55
2 16
4 1
10 3
8 22
2 75
5 44
1 30
7 63
1 87
7 92
1 66
10 42
1 13
6 65
5 55
3 24
6 52
1 11
1 87
5 54
4 87
6 24
1 52
8 70
9 57
1 69
2 69
7 48
4 28
9 31
10 5
2 85
1 45
1 1
7 84
1 5
8 86
1 14
5 93
4 26
7 25
2 20
1 89
2 63
8 49
9 99
1 59
8 31
9 92
10 44
8 25
5 62
8 45
6 98
4 18
9 51
10 55
7 53
4 46
1 29
6 60
2 31
6 80
6 71
1 46
3 55
6 71
3 17
10 55
7 74
3 18
8 45
5 75
7 58
7 15
2 59
7 10
4 99
9 37
2 76
9 1
3 82
10 81
8 7
2 67
1 78
5 61
2 2
5 95
5 3
7 91
4 64
1 69
4 1
3 78
5 59
8 9
2 57
2 19
1 69
9 91
5 65
6 57
10 61
5 65
6 22
6 61
8 15
8 66
10 37
5 0
2 37
8 33
2 69
10 49
8 61
2 83
4 34
7 41
8 91
10 95
9 59
2 30
10 9
8 2
3 20
5 8
9 9
10 32
8 23
10 100
2 71
3 63
1 37
4 46
4 48
9 100
9 78
1 18
9 51
9 18
3 51
4 29
10 59
5 35
8 51
6 76
8 46
9 79
1 1
1 91
5 5
7 14
10 57
6 49
2 29
4 22
9 5
3 73
5 66
6 20
8 61
1 70
10 12
3 70
2 14
2 73
8 83
3 79
7 35
9 93
7 67
10 6
2 73
6 89
7 75
10 64
1 50
7 42
2 43
5 53
9 55
7 74
4 10
7 43
5 24
8 94
5 16
4 99
3 56
2 10
1 42
5 71
2 46
9 81
6 12
1 29
4 98
4 28
8 46
6 67
2 60
3 61
5 37
3 74
10 83
5 6
10 72
6 28
2 3
3 95
10 78
3 57
9 55
3 100
1 56
9 1
7 8
9 66
4 14
5 70
5 44
1 31
8 87
7 5
9 32
3 44
6 34
6 19
10 57
10 11
8 50
10 60
1 93
8 57
6 44
5 14
1 59
8 95
2 32
4 94
8 22
2 73
4 48
2 37
9 66
4 33
9 65
9 54
8 66
3 40
6 79
4 79
7 99
4 43
9 18
10 58
8 44
2 60
10 21
6 2
7 58
2 87
8 31
2 69
9 22
2 93
4 72
4 10
2 6
1 64
10 44
1 70
4 34
2 31
3 75
7 73
7 59
8 36
2 87
9 66
7 4
8 86
2 38
10 47
5 86
10 3
3 42
2 32
8 29
4 69
3 68
8 46
7 30
3 56
10 84
9 59
10 95
7 88
3 89
3 55
6 45
1 91
8 64
4 9
4 46
9 69
2 34
3 7
5 89
9 2
10 77
10 74
6 89
6 85
5 57
10 30
4 66
6 4
7 58
3 79
3 65
1 23
7 23
2 86
1 39
1 5
2 14
1 56
6 28
3 6
3 67
9 42
8 84
6 8
3 26
10 26
2 81
8 27
1 47
6 95
2 30
10 50
4 57
6 70
9 89
10 77
5 47
5 57
9 58
9 42
3 38
2 82
5 1
1 67
5 72
6 57
6 83
7 97
4 4
3 14
5 77
4 69
6 17
4 69
3 80
8 48
5 7
9 46
4 12
9 67
10 30
8 23
7 20
6 63
3 100
7 26
2 9
9 12
1 61
3 82
6 55
10 84
6 79
3 77
1 69
4 18
8 93
7 51
2 13
3 33
9 11
2 76
6 1
3 67
3 67
8 74
3 25
10 62
4 75
4 92
10 47
6 73
8 23
10 71
9 66
7 48
7 85
3 15
1 9
7 72
2 94
4 46
9 70
6 18
5 52
4 31
10 66
5 41
5 85
4 28
8 99
10 100
9 58
7 21
1 42
8 26
4 35
10 10
7 15
10 73
9 10
1 56
8 19
1 69
1 7
9 16
5 83
3 57
5 5
3 79
9 80
5 75
1 51
2 32
3 65
3 85
4 50
10 41
6 25
9 70
7 70
3 71
5 96
7 66
9 92
3 86
10 10
7 24
6 38
2 80
2 49
10 70
7 57
1 52
8 34
8 44
1 25
2 65
7 16
3 80
7 79
8 6
1 96
2 38
7 87
10 36
2 2
2 83
10 35
4 21
2 1
3 12
8 66
6 10
5 89
5 67
6 73
10 25
1 45
8 17
5 3
10 24
3 41
8 71
6 13
4 6
5 76
8 72
10 48
9 76
4 97
6 76
9 47
7 94
10 9
10 98
3 67
6 61
8 55
1 0
7 69
3 37
8 69
6 68
1 49
8 8
2 37
8 13
7 100
8 6
2 11
7 71
9 29
1 21
2 21
10 18
10 56
9 72
9 52
2 52
2 84
6 56
3 12
6 44
4 56
3 73
7 46
8 88
4 42
3 28
7 91
10 79
8 13
7 41
3 23
3 38
9 39
3 94
8 31
4 56
8 26
5 86
2 46
7 81
3 50
1 69
6 59
3 4
7 94
3 3
5 98
3 17
2 24
6 91
10 53
9 6
7 82
7 27
1 22
3 20
7 80
8 80
3 27
10 55
9 50
3 75
10 18
6 58
2 93
10 4
6 66
7 66
8 45
9 98
4 66
1 58
4 67
8 51
3 22
4 97
7 29
10 37
3 10
4 2
8 71
8 63
3 28
2 83
5 28
7 55
2 63
5 63
6 90
9 80
2 41
3 60
1 0
9 84
1 22
1 83
2 14
5 31
7 39
2 73
1 45
3 13
5 8
8 94
6 22
2 28
10 57
9 49
1 22
2 29
10 45
8 55
6 99
6 86
3 100
3 33
7 49
1 93
8 8
9 46
1 56
4 12
2 77
1 27
9 31
7 40
5 3
8 34
8 54
10 12
1 8
10 40
1 94
6 6
6 39
3 59
3 60
10 12
9 10
2 96
4 52
4 48
6 29
3 8
2 31
8 7
7 18
6 56
1 42
2 26
7 96
9 63
10 34
4 42
2 21
4 86
7 7
6 55
8 25
7 5
3 90
10 33
8 84
2 32
6 67
6 10
7 58
9 11
8 41
8 9
1 71
5 11
3 63
4 41
10 98
3 76
2 70
6 42
7 0
3 7
4 20
4 28
2 95
6 96
2 32
2 13
2 69
7 18
4 79
9 20
1 44
10 22
7 94
10 95
6 34
10 2
10 98
7 15
9 84
8 20
8 67
6 96
2 84
6 28
5 27
3 33
1 42
2 48
9 15
9 94
8 95
10 95
5 59
7 72
2 28
9 47
6 60
8 66
5 69
4 89
10 55
8 18
5 38
1 15
10 52
1 26
9 68
7 32
7 45
4 45
8 48
7 62
1 31
8 89
10 1
4 47
1 78
8 77
6 51
2 78
5 50
8 76
8 12
3 79
10 38
4 46
6 38
7 83
1 42
10 76
9 77
2 33
6 94
10 46
1 82
7 66
6 84
8 78
5 98
7 6
9 87
2 42
5 13
10 80
6 86
6 24
4 98
3 67
10 19
6 40
4 27
10 85
3 21
4 37
6 39
1 73
3 50
5 73
9 13
7 100
4 0
4 59
10 72
8 93
3 48
3 8
3 21
2 11
4 32
8 87
8 70
9 14
7 14
7 32
1 28
1 87
3 92
5 54
1 56
9 30
3 34
2 62
1 8
5 20
7 54
4 21
10 7
7 10
4 19
3 18
5 11
3 33
8 48
7 84
1 30
9 2
7 5
4 91
2 25
2 45
4 50
10 10
2 57
9 37
6 30
6 58
10 54
1 65
7 82
6 28
9 28
8 55
6 58
5 81
8 94
10 22
10 90
2 99
1 29
2 55
4 51
8 30
4 68
3 81
3 44
1 1
8 81
5 3
8 7
9 84
1 80
1 80
4 39
9 51
7 11
5 4
1 38
8 69
4 81
8 14
8 4
9 84
9 34
9 88
1 57
8 93
4 24
4 88
8 94
6 13
6 93
5 71
5 14
4 100
3 80
1 80
3 98
5 89
3 38
10 65
1 2
10 34
8 26
10 21
9 76
4 85
7 88
6 7
10 10
10 5
3 80
7 17
3 58
4 34
3 16
5 18
8 45
9 11
2 31
9 49
9 10
9 28
9 50
1 1
5 39
2 29
9 9
4 81
9 31
7 29
8 82
6 57
8 79
10 91
3 99
9 69
3 18
6 77
9 24
10 57
5 5
6 92
6 96
2 98
7 3
7 37
3 93
6 76
10 12
5 40
8 16
8 30
4 29
5 59
9 97
9 84
5 33
3 16
7 28
6 49
2 72
4 85
1 71
8 11
5 96
8 47
7 3
9 74
1 1
10 17
9 54
1 1
2 48
2 44
4 98
5 76
7 11
6 55
2 88
1 87
8 36
4 39
8 20
1 21
3 81
3 72
8 9
6 41
4 72
1 28
9 49
4 40
7 17
2 56
1 22
3 94
2 85
1 39
5 62
5 82
5 74
9 13
4 38
5 8
2 19
3 71
9 17
10 56
2 45
2 29
4 88
6 96
8 63
1 13
7 30
4 50
2 83
5 97
4 96
4 84
10 11
9 1
9 83
1 60
4 42
6 63
6 67
5 36
4 72
6 38
2 27
9 46
2 100
9 89
3 22
1 43
9 37
7 98
3 44
6 36
10 28
3 56
6 44
5 49
6 10
4 86
9 76
5 84
1 79
5 74
9 15
5 53
4 2
3 100
9 46
10 40
1 58
6 41
5 22
4 5
10 7
10 99
5 63
1 92
1 69
3 77
1 36
5 3
10 1
10 26
10 77
7 66
6 25
6 2
6 100
3 41
8 18
6 56
7 75
10 4
8 76
7 97
6 39
3 13
7 89
4 93
6 33
9 33
9 78
6 57
6 59
1 13
8 33
6 88
4 24
5 100
6 63
4 78
9 84
10 90
6 20
2 36
9 22
8 69
6 100
5 45
9 31
2 42
5 48
3 100
8 97
2 5
9 79
9 21
6 63
1 25
6 82
10 13
2 33
1 42
8 9
6 24
8 68
2 99
6 78
1 24
2 34
6 89
3 1
9 21
5 62
2 8
3 85
3 42
2 75
7 88
7 52
2 95
6 100
1 32
10 82
10 40
7 54
5 66
10 69
9 73
10 82
2 40
10 6
8 26
3 47
7 60
3 9
8 32
3 59
5 68
1 67
6 72
2 57
9 67
9 25
4 3
10 52
7 51
5 4
2 34
6 37
5 45
4 77
1 63
4 41
8 53
5 70
2 59
8 74
1 44
7 16
5 75
10 39
4 71
4 5
2 35
10 54
10 34
8 84
4 81
7 71
5 94
3 41
4 25
2 34
2 53
10 38
8 75
5 43
8 55
4 88
7 87
8 65
8 86
4 28
7 95
10 47
8 50
10 4
3 35
5 96
2 22
7 76
4 78
3 67
9 57
6 24
1 55
1 79
4 98
1 68
10 73
9 2
5 85
8 33
10 83
5 70
5 18
3 12
5 70
6 75
8 78
3 63
4 36
10 53
5 95
7 40
5 29
5 4
3 96
10 67
3 34
4 5
9 14
1 89
3 33
5 42
4 39
2 12
8 4
4 4
3 39
2 85
6 69
4 8
5 18
4 96
6 91
6 75
4 3
1 9
1 58
10 10
6 68
9 61
7 31
1 94
1 71
9 84
8 4
1 51
10 9
7 81
3 37
10 7
1 18
8 42
9 45
7 87
8 57
1 7
6 37
3 45
10 30
4 82
6 33
4 22
10 88
5 40
9 97
5 65
10 68
6 12
9 97
2 4
7 86
1 83
4 53
8 44
5 27
4 18
8 88
6 5
5 31
4 93
7 43
6 44
8 69
4 76
2 37
7 49
3 77
10 5
3 26
8 11
3 33
5 32
4 39
3 67
7 11
8 63
6 19
4 99
7 23
6 32
8 74
7 35
10 11
8 39
5 32
3 26
10 52
9 12
3 25
10 33
3 55
10 33
1 82
8 68
1 15
10 24
5 92
7 44
3 67
8 39
8 85
3 24
2 71
9 0
1 44
9 20
6 10
9 98
2 20
8 52
2 91
4 93
6 20
9 11
9 5
8 63
2 76
6 41
8 68
9 86
9 84
7 50
4 85
3 5
10 24
2 83
10 75
10 8
9 82
8 64
5 88
2 35
6 46
8 15
4 52
8 82
2 59
10 60
9 30
4 84
8 33
7 21
9 13
2 95
5 90
7 6
10 95
2 88
1 92
2 25
5 88
4 71
4 90
6 23
2 75
8 12
7 37
8 43
3 18
3 55
7 12
7 21
7 10
4 57
3 49
5 1
9 68
8 68
1 11
2 97
9 15
3 63
5 85
2 38
3 22
7 25
2 86
10 10
8 31
9 48
5 26
10 47
2 40
1 16
5 53
9 47
6 81
4 57
2 23
4 87
4 77
5 98
9 54
6 59
6 67
10 79
3 95
2 86
1 91
4 6
2 51
4 91
6 3
1 58
5 21
9 96
1 22
10 31
3 25
4 64
1 8
6 76
3 40
10 58
6 90
2 1
3 78
3 59
1 39
10 72
10 45
7 99
6 84
4 70
6 84
1 6
1 38
6 17
3 84
5 7
7 4
3 53
6 20
9 37
1 67
6 76
7 91
2 95
2 16
8 25
8 2
4 31
1 22
7 4
5 73
7 67
10 59
3 18
8 4
10 61
4 81
2 32
1 69
1 70
9 50
2 72
10 99
2 82
10 35
2 17
6 22
1 26
5 23
2 35
8 4
2 68
9 88
10 45
4 29
2 45
4 42
3 18
3 94
3 100
1 70
1 16
3 37
4 49
8 19
1 11
8 100
6 93
1 50
3 95
4 38
1 6
2 35
6 27
4 92
4 12
3 99
3 70
1 29
6 86
9 79
7 95
2 48
9 0
3 5
10 79
4 5
1 15
8 19
4 49
4 13
7 63
4 23
8 10
9 67
10 65
3 33
5 87
8 63
10 11
9 46
3 71
5 69
6 3
7 71
7 30
2 54
6 71
10 56
3 49
4 39
6 2
6 79
1 27
10 35
4 100
6 12
9 64
3 99
2 56
4 91
8 14
1 67
7 33
10 86
4 76
7 80
8 53
5 77
5 98
8 27
5 64
7 19
6 81
9 63
4 36
8 72
1 25
6 19
5 18
2 60
7 27
7 3
6 48
5 25
7 55
5 38
6 96
9 8
5 78
8 2
6 56
9 15
10 62
5 40
2 92
10 17
6 76
10 51
5 78
1 55
5 59
8 71
7 5
10 31
7 30
4 78
6 30
8 61
7 31
2 87
6 24
3 60
3 5
8 76
6 53
1 19
10 81
3 17
2 53
7 86
7 33
6 18
9 8
6 79
7 10
7 14
3 66
6 87
9 73
1 33
5 100
10 80
8 93
6 10
4 97
7 26
4 52
4 26
1 32
2 52
6 6
1 8
8 69
6 96
1 87
7 84
1 91
4 60
9 62
10 43
8 46
1 86
6 17
9 63
7 24
9 81
1 49
2 9
2 33
5 13
5 28
1 81
5 84
1 19
7 43
10 41
8 90
2 52
2 79
9 15
4 32
8 8
6 57
5 50
2 77
3 86
3 87
3 76
2 0
6 67
7 37
4 25
4 94
4 86
2 41
10 5
8 36
2 27
3 29
7 86
2 6
2 74
3 42
5 21
4 17
4 79
8 10
3 51
6 100
5 58
8 95
10 48
2 91
2 7
7 96
10 54
7 6
4 61
4 86
9 68
3 7
7 15
3 23
10 71
7 33
3 51
3 53
2 5
1 73
7 64
4 53
9 67
3 2
9 36
1 0
8 58
4 15
1 18
4 69
1 12
2 16
3 35
3 55
1 69
7 49
6 57
5 69
4 83
2 55
1 0
2 54
2 95
2 85
4 52
3 22
10 4
7 94
4 16
10 61
3 42
2 67
3 75
4 11
8 34
5 22
7 44
6 41
2 61
3 68
10 27
8 5
10 1
10 77
8 44
3 81
6 72
5 82
7 85
9 74
10 33
4 42
9 91
7 10
8 63
8 24
1 96
2 72
3 75
5 72
10 50
1 72
6 9
9 88
2 17
3 31
3 23
10 68
10 57
10 59
5 4
1 58
5 94
3 5
2 85
9 32
9 51
2 73
4 65
4 91
10 57
1 75
4 87
2 51
4 38
2 42
8 82
5 38
3 43
9 86
2 46
3 76
9 59
4 56
7 37
8 90
8 10
4 75
4 16
7 35
1 94
6 91
4 28
4 87
3 60
5 48
1 99
1 42
9 35
2 66
10 7
1 25
5 16
1 32
6 5
3 13
9 24
2 11
1 87
8 46
5 0
5 54
6 33
9 70
9 3
3 86
5 95
8 72
4 89
6 30
2 53
2 39
4 35
6 74
3 58
7 36
5 80
2 90
5 2
10 36
3 28
5 75
6 60
5 7
2 12
6 97
2 97
6 17
7 65
7 90
6 39
10 71
2 20
6 22
10 39
10 44
3 97
5 56
3 52
10 97
6 30
4 20
9 61
8 93
6 16
9 82
4 78
9 96
7 79
10 88
5 87
5 47
2 63
1 41
1 78
5 44
10 90
10 8
6 53
5 78
3 82
1 18
3 67
10 58
3 92
10 95
2 10
4 64
1 74
1 65
9 41
6 49
4 20
1 64
4 22
3 69
1 26
5 60
4 74
5 43
1 67
7 14
1 95
2 38
8 92
10 32
8 88
6 32
8 22
2 84
7 74
6 2
3 48
4 54
7 50
2 16
1 80
3 0
1 84
4 17
2 49
5 52
9 16
2 10
5 21
6 26
9 77
7 8
1 77
10 81
5 38
2 59
10 4
3 63
10 69
1 66
2 21
4 39
6 22
10 82
2 61
6 88
8 30
7 63
2 35
5 36
8 79
5 54
9 25
6 51
1 65
6 47
6 16
6 48
1 92
5 57
6 28
7 54
10 86
2 81
9 4
10 56
5 26
3 66
7 29
6 3
8 68
4 49
4 5
6 84
10 11
10 39
4 59
4 95
1 53
4 2
9 92
1 11
2 74
6 82
9 20
1 94
6 31
1 81
2 18
7 9
4 63
7 71
10 56
6 97
2 30
2 9
7 50
7 84
7 55
9 34
4 17
4 93
6 43
3 83
2 13
5 27
1 52
9 44
1 43
6 31
8 44
6 56
1 57
7 32
5 30
9 71
5 36
5 21
2 76
7 26
5 34
4 48
4 41
7 43
5 66
8 12
1 89
4 83
5 57
6 54
10 8
6 50
9 92
5 49
8 25
6 48
3 68
7 92
10 88
4 16
3 97
3 82
9 96
2 65
2 16
6 12
9 45
6 31
5 50
6 64
2 71
10 99
5 34
7 56
4 58
9 96
7 79
5 32
2 57
10 92
6 42
8 6
3 10
1 15
6 56
9 54
10 43
3 10
1 32
8 65
9 23
8 44
8 97
3 27
2 10
3 47
5 72
10 38
8 75
6 21
9 67
5 27
10 7
10 5
6 33
1 27
9 67
6 26
1 34
6 39
6 94
4 50
5 27
3 2
3 27
3 52
3 22
2 76
10 95
9 75
4 98
5 57
3 93
6 65
8 43
2 57
1 61
2 34
8 66
6 26
6 77
1 76
2 61
10 24
8 3
8 2
10 21
9 61
5 89
4 6
8 9
10 97
5 97
4 99
2 61
3 61
1 26
1 19
4 10
1 85
2 69
10 33
6 91
8 1
8 10
10 84
9 56
8 16
10 27
1 81
3 7
5 24
6 60
6 11
3 25
3 53
1 14
6 55
8 11
9 13
10 39
6 99
10 52
8 60
10 42
7 14
8 81
8 69
10 83
2 99
3 100
8 5
9 29
5 13
10 23
5 63
3 2
6 65
7 32
3 46
7 73
10 56
7 69
2 79
7 50
10 21
2 61
6 51
10 11
7 53
4 60
9 95
3 30
7 51
4 20
3 89
4 75
4 24
3 81
8 67
1 15
6 28
7 84
1 95
8 20
6 6
9 5
6 78
5 96
5 45
10 99
10 35
9 68
3 28
9 32
3 91
10 59
6 67
8 67
8 92
4 99
6 40
3 54
3 67
2 27
5 77
3 2
8 94
10 9
6 37
1 67
10 72
10 46
6 76
2 59
2 19
2 44
4 76
2 52
2 44
7 28
5 84
3 70
4 62
3 45
6 20
1 92
3 41
7 61
4 73
3 43
8 25
7 16
9 7
8 31
9 86
1 91
8 0
5 76
10 60
7 79
4 51
9 74
1 4
10 18
4 78
9 43
3 1
10 39
7 10
9 51
7 85
7 94
9 36
5 98
7 50
6 1
7 94
6 85
7 35
6 39
9 63
7 84
4 26
2 83
3 37
10 49
8 57
4 82
8 75
9 6
10 86
5 53
2 30
3 35
8 48
3 2
2 49
3 4
10 29
3 88
7 91
2 22
4 0
9 4
8 25
4 84
3 93
2 67
5 74
5 39
6 54
4 29
1 43
2 51
4 35
2 3
7 35
8 16
10 31
1 54
7 76
2 54
3 88
3 39
3 20
9 9
1 61
9 14
2 9
2 75
8 30
1 57
9 35
6 41
7 69
2 35
9 55
4 32
10 79
7 80
7 37
6 7
7 12
9 31
9 36
10 47
7 15
4 40
6 31
3 58
10 2
10 82
5 36
6 35
9 80
10 46
7 21
6 54
8 31
10 27
7 2
4 71
6 24
2 49
2 33
3 80
3 63
7 5
8 23
3 81
9 29
4 67
6 10
4 61
5 76
10 57
4 31
5 99
5 62
5 91
9 54
6 60
10 42
6 25
6 44
10 7
9 32
3 76
8 88
6 60
9 92
4 24
5 40
3 15
10 13
2 21
9 81
2 94
2 71
10 1
2 34
1 25
9 36
5 52
2 15
1 80
9 26
4 84
2 16
6 43
1 98
7 31
9 17
6 55
3 26
5 34
10 7
10 67
6 6
8 54
2 79
4 29
7 81
6 66
5 80
1 93
4 61
5 2
7 28
8 35
2 61
10 94
2 84
2 87
1 94
1 97
7 62
2 15
3 48
7 15
7 6
9 26
7 60
8 46
4 55
9 97
7 58
5 60
2 74
6 84
9 57
10 96
6 73
3 43
6 9
7 40
8 99
5 79
6 10
5 3
6 98
4 86
10 45
4 12
5 33
9 11
6 19
2 87
2 68
7 94
5 58
8 98
2 71
5 55
7 43
2 91
1 22
2 11
6 76
7 13
10 21
9 64
10 56
10 12
3 18
7 36
2 68
1 38
6 77
7 52
3 92
10 44
7 47
6 95
5 73
4 10
2 64
7 20
5 76
3 15
8 40
7 57
9 81
9 65
8 47
1 63
9 39
6 64
2 52
5 66
1 66
1 61
6 74
1 26
9 65
2 100
1 68
3 90
7 10
6 9
7 61
7 0
4 30
3 87
7 0
8 6
6 17
1 73
1 51
10 19
6 21
4 6
9 29
3 29
10 16
8 95
3 22
2 88
3 93
3 36
2 96
4 26
3 9
1 75
10 13
9 56
6 60
10 13
8 55
3 85
10 44
3 3
10 13
9 56
10 72
2 82
10 7
4 75
4 6
8 35
2 73
9 14
8 10
1 21
1 86
10 24
7 25
9 5
7 30
10 35
6 64
6 41
6 41
4 28
9 4
7 92
4 95
1 3
6 88
9 70
3 76
4 82
8 15
3 64
7 48
8 0
2 81
2 84
5 77
4 88
8 69
3 4
7 1
3 42
6 73
5 18
9 99
2 37
10 25
2 17
3 4
8 94
10 67
1 33
1 36
5 8
4 82
9 26
4 51
4 50
8 35
10 91
5 78
4 79
2 89
1 0
4 47
2 79
2 52
3 24
8 31
3 10
3 71
8 18
2 11
6 28
9 4
10 45
8 61
3 89
5 61
1 67
5 56
3 55
2 7
9 87
9 30
8 4
3 20
10 42
3 4
5 44
1 82
9 70
5 82
9 18
5 58
5 81
1 81
1 14
2 96
9 3
8 47
4 60
1 77
6 24
2 48
2 9
1 95
10 92
5 63
9 16
2 58
5 69
4 79
9 45
1 44
4 33
2 71
1 38
3 88
6 29
1 85
6 49
8 20
1 63
2 36
9 79
1 4
9 53
10 74
6 6
2 69
8 29
2 19
5 56
7 85
7 0
2 46
6 54
6 35
9 55
6 21
7 85
10 78
10 7
5 4
2 80
1 31
9 36
8 2
5 1
9 87
1 71
5 14
6 63
10 4
8 49
3 60
10 87
4 42
2 6
2 92
3 71
4 40
5 10
9 7
2 64
7 44
6 95
1 27
10 35
4 93
2 81
2 36
1 89
6 45
3 18
3 89
2 66
10 47
9 23
1 5
2 66
3 26
9 42
6 75
3 69
9 44
10 8
8 52
2 52
2 94
2 60
6 38
5 59
10 73
1 45
9 37
7 38
4 99
7 16
1 74
2 79
1 7
1 92
1 78
2 12
4 28
8 64
8 32
4 75
8 97
8 61
6 19
2 8
9 72
5 61
7 55
2 64
8 83
8 70
6 37
4 16
10 48
9 79
2 45
4 5
8 91
7 54
5 92
4 75
3 64
7 19
2 99
7 6
2 79
2 21
1 58
9 31
10 76
8 5
9 99
5 15
6 4
5 60
6 2
2 51
9 73
2 35
7 56
4 6
7 66
9 65
3 35
3 35
4 27
3 59
4 61
8 94
7 34
8 7
2 63
8 31
8 39
6 17
7 61
5 36
10 62
7 9
3 13
2 10
10 83
1 39
9 61
10 19
8 70
3 11
10 88
8 5
7 54
10 75
3 15
9 84
4 51
6 1
5 56
2 84
2 18
8 80
3 68
5 53
2 91
10 12
6 76
4 18
10 91
6 18
5 93
10 28
8 10
4 84
4 55
1 35
1 63
10 49
10 75
2 31
10 38
2 25
7 22
8 48
6 8
8 26
3 49
5 0
8 100
7 48
4 31
5 3
10 23
8 67
5 94
3 2
5 77
1 5
6 53
5 19
1 5
10 12
1 90
5 97
1 82
6 48
1 56
10 93
3 23
5 32
3 93
6 9
8 32
3 28
8 26
10 11
2 96
5 70
8 26
2 4
5 99
8 35
7 75
9 84
10 24
8 6
2 89
1 56
1 31
2 92
8 91
1 39
2 55
10 64
3 76
10 75
7 100
1 83
7 0
7 23
10 83
6 0
8 90
1 77
2 83
6 69
10 14
5 40
4 42
3 99
7 41
8 29
9 50
3 58
1 13
7 26
10 59
1 74
7 28
1 23
1 97
9 5
9 17
7 25
6 36
5 75
4 29
4 95
3 92
8 29
6 75
1 0
2 83
7 52
9 13
6 65
2 35
3 70
10 43
3 68
4 86
9 88
7 63
1 47
2 36
8 59
6 3
5 73
7 45
3 56
10 43
3 68
5 91
5 3
2 63
6 8
3 42
9 96
10 88
7 5
10 71
7 45
10 87
10 43
6 4
8 8
7 23
8 66
4 75
4 76
4 18
3 96
4 100
3 100
9 53
9 18
10 92
7 16
9 57
8 34
10 61
10 75
1 67
6 68
9 23
3 90
1 45
8 22
6 51
1 27
3 5
4 62
2 24
8 97
9 50
8 47
7 6
7 53
1 10
7 35
10 68
2 87
6 72
3 47
4 82
5 96
2 44
7 70
3 81
1 56
9 33
5 48
9 66
9 82
9 99
10 6
8 14
1 11
4 40
8 95
3 53
5 53
9 17
10 76
4 21
3 87
6 91
10 76
8 6
3 68
8 56
8 68
7 43
4 97
5 77
6 29
9 42
8 84
7 62
7 41
3 2
4 63
7 93
9 79
5 51
5 48
3 55
2 17
3 15
8 12
2 68
10 17
9 76
5 12
3 6
7 61
8 93
9 14
6 24
1 43
10 72
6 33
6 31
5 15
8 5
1 65
9 20
8 68
9 97
8 30
6 21
2 1
5 1
9 11
1 80
8 86
10 29
7 2
7 86
2 52
9 2
5 51
10 57
8 39
8 39
2 73
7 65
7 36
9 100
10 50
10 44
6 21
6 99
8 83
7 72
2 39
2 38
8 78
5 1
1 18
2 47
4 4
10 88
8 4
5 73
7 42
4 84
4 16
9 61
8 28
5 83
7 92
5 29
8 31
9 23
9 37
5 98
10 11
9 6
9 90
1 61
3 42
6 32
3 22
6 3
5 4
6 3
3 72
3 81
5 25
9 55
10 83
7 100
3 45
5 68
2 21
7 48
5 37
2 72
2 31
3 90
4 24
3 63
1 30
5 75
3 48
9 77
10 13
6 94
6 6
1 5
7 65
10 25
3 51
3 35
3 69
1 99
6 77
3 43
9 16
4 62
10 75
9 51
4 8
6 44
8 77
10 81
10 83
3 92
4 32
4 79
9 32
5 39
3 13
8 47
3 30
9 79
10 85
5 82
5 64
2 34
10 69
8 11
5 83
3 81
10 17
5 34
8 69
3 73
3 73
1 15
3 46
9 33
8 1
6 11
3 15
3 27
1 57
3 81
6 18
3 47
7 26
9 88
7 21
1 6
8 35
10 56
6 99
8 72
8 58
8 34
10 40
4 81
7 38
9 63
7 66
1 9
5 80
6 14
8 95
10 44
7 99
8 58
1 3
3 86
4 95
2 16
6 54
7 55
7 72
2 26
7 12
2 9
2 64
6 39
10 39
5 83
6 53
7 51
2 61
9 36
2 81
1 64
9 54
5 13
4 51
3 86
1 15
3 27
6 75
5 92
3 53
1 19
4 83
4 58
5 79
6 81
4 17
10 35
6 96
2 27
5 49
7 26
4 11
3 16
4 94
3 31
2 26
4 16
10 14
5 20
9 59
6 94
8 89
4 16
5 61
2 24
4 57
9 31
9 3
2 57
3 61
5 71
5 76
5 64
4 90
1 32
10 83
2 6
4 63
5 63
3 89
1 18
6 50
8 88
3 19
9 88
3 9
2 95
8 1
7 20
5 35
8 80
4 84
10 35
9 7
3 44
7 29
5 25
5 71
5 96
4 74
5 98
3 17
7 73
6 28
6 46
6 37
7 2
8 2
8 33
6 76
4 85
5 81
4 51
3 38
10 87
10 49
6 96
3 3
4 79
8 66
2 26
2 6
6 9
7 21
10 26
6 86
1 64
8 32
5 17
7 46
6 46
3 83
3 38
9 47
7 18
8 77
10 10
3 99
6 1
6 80
1 93
2 76
7 69
8 73
9 15
9 68
4 85
5 66
8 87
9 25
10 63
3 71
7 27
3 96
9 90
1 73
2 64
9 14
9 99
1 57
8 51
9 14
8 97
4 97
7 4
6 72
9 78
5 8
1 88
7 88
2 23
1 59
1 7
7 26
4 19
10 73
3 23
3 99
5 99
4 39
5 68
3 17
7 81
3 59
8 70
6 5
9 5
4 79
4 85
5 69
7 33
3 31
7 86
2 76
5 52
2 37
5 93
8 11
5 42
8 41
7 91
8 98
8 32
6 64
1 27
8 91
6 35
10 16
10 92
9 79
1 6
10 67
8 53
9 88
6 100
3 6
3 88
4 90
1 39
8 61
10 59
9 23
6 52
6 1
1 85
1 85
10 6
6 68
6 68
5 76
7 72
6 19
8 72
10 43
8 43
8 48
7 3
8 21
4 95
9 27
4 98
10 97
8 91
2 7
9 90
6 26
6 82
7 0
6 79
4 95
10 15
9 77
4 75
6 99
2 35
4 18
2 10
6 19
1 100
5 71
7 34
7 26
5 1
10 74
4 15
10 77
6 92
5 74
8 27
6 70
4 60
5 14
4 91
6 67
8 37
6 56
10 98
8 36
6 44
3 69
5 52
2 91
8 95
4 68
5 56
9 56
2 92
9 50
9 37
6 37
4 15
8 74
4 74
3 37
8 7
9 75
5 37
1 28
8 79
5 62
1 47
7 4
7 72
3 2
3 69
4 69
5 1
7 71
2 29
4 61
1 54
10 100
2 96
1 77
10 73
1 55
2 41
4 66
7 28
5 91
1 25
8 11
6 94
1 91
7 69
3 31
6 21
2 52
5 60
10 83
1 41
9 69
7 50
6 19
4 67
5 85
5 67
4 78
5 33
1 4
9 32
5 56
10 69
3 85
3 11
3 9
4 98
7 63
6 12
2 82
4 6
10 19
5 69
1 16
4 16
9 25
4 78
2 50
5 11
1 38
9 58
1 91
2 3
6 89
3 78
3 19
7 9
2 8
5 15
10 21
5 80
7 68
10 12
7 97
4 27
7 77
3 51
5 85
5 81
5 15
9 76
10 20
5 80
6 44
3 44
9 83
7 85
7 81
9 8
3 8
10 92
2 7
4 82
4 15
3 37
1 56
9 7
5 19
3 96
5 40
4 85
9 70
5 14
2 2
6 41
3 84
8 47
7 92
4 47
1 1
1 42
9 46
4 94
10 36
6 92
8 57
3 19
1 54
7 82
6 40
5 83
7 73
8 60
7 59
6 24
10 4
2 51
5 16
3 78
4 0
5 73
2 12
3 55
2 3
7 24
3 0
9 82
4 85
10 43
2 93
3 49
5 100
1 26
4 61
2 2
10 91
3 73
10 75
1 11
4 49
5 10
4 25
1 89
1 21
9 30
8 98
2 78
9 25
3 84
10 69
6 36
3 22
5 54
5 78
4 78
2 39
7 81
10 76
9 0
9 61
4 56
8 29
10 83
5 61
3 39
7 3
5 36
1 67
9 12
2 60
10 54
3 72
2 13
5 87
3 91
10 33
8 44
3 81
6 22
8 16
5 94
7 51
9 34
1 83
1 73
10 29
3 84
9 6
3 81
6 99
10 17
1 65
1 93
8 1
6 1
8 76
1 87
10 63
4 31
6 62
1 41
5 1
7 68
3 14
6 48
7 66
4 80
1 83
6 90
1 26
2 86
5 23
1 19
1 52
1 19
4 60
6 21
10 72
9 67
8 14
1 38
6 56
5 81
3 0
10 66
5 54
10 27
1 24
8 53
9 19
6 73
7 28
10 84
6 38
3 91
7 45
8 67
8 70
10 26
2 54
5 91
4 79
2 90
8 91
8 57
6 16
8 53
5 26
2 36
1 86
8 54
1 37
9 76
6 6
9 37
1 53
10 22
8 58
6 56
9 100
3 76
1 99
4 1
3 38
8 11
3 13
1 95
7 7
9 18
4 55
4 39
10 87
9 46
1 74
8 45
8 94
1 96
5 69
9 98
9 50
2 45
9 15
6 79
10 63
5 65
10 31
7 77
7 84
5 52
7 36
1 49
5 82
7 86
6 72
6 56
5 8
5 46
2 31
5 85
9 39
3 30
4 99
2 66
9 85
6 2
6 49
1 56
7 65
9 64
4 36
3 17
7 78
5 42
9 85
1 69
6 68
5 75
3 33
10 71
4 83
1 53
9 5
1 34
10 15
1 17
4 38
10 61
7 8
9 68
10 90
2 28
9 63
10 74
8 3
7 86
3 77
9 32
7 97
7 43
7 22
6 72
1 88
2 18
9 41
8 48
9 43
10 65
8 90
2 87
9 15
6 20
7 94
10 36
5 86
4 63
2 55
7 3
2 58
1 1
8 43
8 98
10 52
8 22
9 33
10 39
3 20
4 61
1 92
1 17
6 28
8 33
9 30
3 95
5 64
2 69
1 17
5 37
7 15
5 37
9 39
6 10
6 99
9 82
4 100
4 41
2 36
2 71
10 33
2 12
6 70
2 53
5 33
1 37
3 21
8 45
4 12
2 23
9 62
2 80
9 51
3 99
2 94
10 7
1 79
6 33
9 3
5 96
3 73
1 1
4 41
10 70
2 42
2 45
3 95
1 68
3 20
8 46
1 57
5 57
6 78
1 22
3 52
3 13
9 58
1 3
7 57
8 19
5 42
2 96
6 9
1 38
5 46
4 35
5 32
7 7
5 55
4 56
1 83
9 95
1 57
5 59
5 7
3 76
3 16
8 50
4 40
5 4
7 53
7 1
7 87
8 70
1 97
9 25
3 9
4 0
1 40
3 48
2 82
6 36
6 8
5 53
9 42
7 48
2 78
1 45
3 56
3 15
3 99
6 89
2 46
6 77
4 8
3 96
10 88
7 33
4 24
8 13
5 83
3 49
5 7
3 56
5 14
6 56
10 57
6 60
10 52
4 99
4 39
4 15
4 14
5 16
9 41
5 56
5 58
7 56
7 84
7 33
7 37
5 41
3 60
8 2
10 87
1 33
3 100
2 41
1 27
4 42
1 1
4 4
10 76
2 70
3 30
2 67
7 42
6 49
2 38
9 28
7 45
9 80
2 53
6 27
4 88
7 28
4 61
5 60
2 40
10 56
5 65
10 92
3 12
2 41
4 74
8 6
1 16
5 32
7 32
3 86
10 6
8 36
9 0
9 69
1 75
10 82
10 8
9 73
9 67
9 26
10 25
3 58
9 38
3 21
9 39
6 81
2 85
2 99
8 93
1 95
1 17
9 53
8 1
5 70
10 93
4 23
2 86
8 0
10 63
3 59
9 62
7 28
1 21
7 8
4 10
2 2
6 3
1 0
1 70
6 30
2 59
4 38
7 0
8 37
8 99
9 15
5 5
4 89
8 82
8 83
6 76
6 68
10 42
6 62
5 40
8 64
5 44
3 64
1 33
9 34
2 27
9 71
2 94
1 47
10 28
10 55
2 31
3 77
1 99
8 9
3 80
2 38
1 17
6 71
1 84
5 97
6 80
6 88
6 34
4 60
9 46
2 74
3 27
2 82
9 19
7 51
4 36
5 13
5 72
3 14
8 28
2 61
6 75
3 55
9 99
8 90
2 77
4 2
10 54
7 69
1 12
7 33
6 88
2 58
7 60
8 40
4 72
4 31
4 89
6 56
1 84
8 22
6 52
6 54
9 32
6 7
9 17
8 85
8 83
5 30
7 73
1 62
9 78
6 23
9 18
6 87
4 47
9 23
3 96
9 16
10 55
1 52
9 78
8 42
7 68
8 97
3 10
8 47
3 16
1 70
5 85
3 65
7 33
10 55
9 79
10 67
2 3
3 62
2 18
8 49
8 26
8 63
5 41
9 81
5 78
2 44
5 84
9 5
5 48
1 36
3 3
9 10
5 97
5 65
1 34
2 73
2 86
10 44
7 55
3 48
6 92
8 50
9 80
1 66
10 98
6 79
1 46
6 16
6 28
7 93
1 75
3 45
1 19
1 13
10 46
8 53
4 66
5 66
9 38
10 17
10 89
9 13
5 68
2 35
6 85
7 66
2 58
4 14
6 77
5 64
3 80
4 75
5 45
9 63
9 17
6 7
2 58
8 26
5 15
10 53
1 21
5 19
1 96
2 70
3 15
7 49
3 41
3 82
3 16
8 24
2 44
10 56
4 17
2 57
7 66
10 28
7 57
5 82
3 78
10 69
3 45
7 5
9 82
3 57
10 43
10 19
1 19
7 93
3 17
9 25
6 94
2 41
8 24
3 38
2 40
4 88
2 10
3 3
6 12
5 16
5 57
9 5
9 72
2 61
6 36
5 58
3 37
10 67
5 12
4 39
3 87
7 42
9 70
2 47
5 19
4 31
1 15
6 55
6 24
5 46
2 10
10 81
7 2
6 17
8 52
6 81
4 59
7 78
3 15
6 18
6 66
2 16
6 44
6 91
5 21
6 26
5 87
2 47
3 29
9 63
10 0
7 21
2 70
2 81
8 46
1 18
1 83
1 99
3 9
3 96
1 37
10 77
4 80
4 55
6 20
5 54
2 75
3 56
6 70
6 16
5 99
2 90
4 43
3 18
7 87
1 49
4 81
5 28
2 96
1 66
6 93
4 94
1 41
6 22
9 82
1 39
4 21
2 86
10 61
8 75
6 72
1 72
1 91
8 44
3 93
4 43
6 66
7 66
3 41
4 74
10 50
8 88
6 57
4 33
7 37
5 11
1 32
3 46
9 88
5 58
7 52
10 78
9 10
4 81
3 100
4 58
2 73
6 37
9 96
4 89
3 99
9 64
9 78
2 31
1 55
4 10
5 71
10 39
3 26
4 84
10 13
6 55
10 0
10 79
9 14
5 7
3 38
10 95
5 40
3 2
7 19
10 38
10 20
2 24
6 33
5 79
5 71
9 62
5 45
2 22
10 88
9 73
9 66
3 73
4 40
7 87
5 55
1 31
7 10
3 61
8 45
1 36
10 32
5 50
8 56
4 8
9 21
6 95
2 72
2 74
4 66
3 86
7 99
9 8
7 87
6 100
3 69
4 85
10 83
5 88
7 45
3 47
8 83
6 85
9 90
4 45
7 18
5 79
8 25
7 16
2 45
1 94
10 81
2 45
10 1
5 18
8 56
5 29
7 62
10 66
1 17
5 17
10 3
10 65
3 22
5 33
4 97
9 16
4 89
5 25
4 52
4 18
9 29
9 30
9 50
6 44
1 17
6 35
2 29
3 11
8 17
1 4
1 3
4 33
2 96
2 66
10 98
9 67
8 69
10 94
6 73
4 42
1 29
10 35
8 51
4 79
1 20
5 13
10 63
4 92
6 63
5 68
3 53
6 80
6 38
4 1
1 45
6 11
6 92
1 66
4 77
5 21
7 61
10 81
4 6
3 28
1 59
6 90
8 3
7 59
2 84
1 62
9 13
6 55
3 91
8 67
1 32
7 68
2 27
10 73
9 21
8 70
8 56
10 34
4 94
5 80
1 0
1 71
8 19
9 20
1 42
3 3
4 10
9 13
2 66
9 3
9 30
7 43
4 94
1 77
7 6
6 14
1 42
1 86
1 43
8 47
10 88
4 48
8 53
3 63
8 78
10 5
7 45
4 55
10 41
5 27
7 9
7 66
10 83
2 56
5 77
9 69
4 84
1 57
2 38
3 24
1 60
4 68
8 53
4 44
10 64
1 75
10 7
1 67
3 93
4 25
6 27
4 63
9 24
5 61
5 90
3 22
8 80
5 73
6 95
6 63
3 28
7 41
4 93
5 66
9 3
2 18
2 83
5 42
4 82
2 36
6 78
2 85
3 65
2 17
7 88
8 56
2 25
10 30
2 84
7 83
3 72
1 45
7 54
10 43
4 22
3 71
6 53
7 28
4 83
10 2
10 78
2 6
8 57
8 52
6 94
5 69
8 41
4 97
8 17
1 27
5 50
1 23
1 27
7 69
5 91
6 65
10 44
9 58
8 18
10 75
1 79
8 41
5 22
9 80
10 27
6 9
1 25
9 29
9 61
4 37
5 67
7 91
9 34
10 58
10 41
5 89
5 64
2 43
5 88
2 93
7 85
6 88
2 70
5 50
5 70
8 83
9 64
4 28
6 52
2 98
2 26
6 20
5 32
10 15
4 18
7 81
1 23
10 71
3 27
6 100
8 4
9 28
5 57
4 77
7 21
7 54
10 79
7 52
2 80
1 7
9 38
3 25
8 45
9 10
8 83
1 85
3 17
10 45
6 26
1 45
4 69
9 41
6 9
8 65
6 34
3 27
10 34
5 64
3 86
10 10
6 53
5 82
9 9
9 85
4 68
7 92
10 21
10 2
9 61
10 1
2 71
8 41
10 69
10 19
7 71
8 55
3 11
9 82
10 61
5 62
8 35
2 64
1 31
6 22
7 1
5 30
4 84
7 98
8 56
9 4
2 16
10 1
10 89
4 66
9 45
3 57
5 56
2 45
1 60
3 62
2 10
5 74
6 11
4 80
10 28
5 68
10 59
4 85
5 27
10 61
8 17
7 75
9 19
1 18
8 8
3 36
7 90
6 70
2 45
6 54
2 64
10 31
6 80
9 67
7 48
7 11
7 13
1 10
10 14
3 78
5 17
3 29
6 44
9 50
10 38
2 47
2 6
5 52
7 54
4 77
2 13
5 0
1 17
5 20
6 1
10 26
6 9
5 69
5 13
10 9
6 10
4 53
10 63
7 32
2 61
4 11
2 38
1 93
4 21
6 52
5 8
8 57
1 10
6 50
2 27
9 67
1 13
8 94
8 52
7 66
6 86
7 85
3 85
10 99
1 94
3 18
9 30
9 46
3 96
3 31
9 15
3 11
2 38
5 38
10 100
5 68
9 13
5 71
5 55
8 27
6 76
7 22
8 18
6 6
8 95
5 28
6 27
9 67
10 93
7 65
3 69
6 56
7 78
7 57
9 29
3 54
4 77
8 97
1 42
10 44
7 88
5 71
7 51
6 93
10 11
1 46
1 22
1 8
3 94
8 93
8 82
2 11
5 29
9 91
7 72
3 65
10 22
2 49
9 36
5 94
5 24
8 77
5 65
9 48
2 30
5 30
9 7
8 71
8 36
3 99
9 8
3 60
8 88
2 42
5 25
3 99
1 4
8 65
9 6
5 26
2 52
5 23
10 71
7 26
6 96
8 24
7 1
3 89
3 95
6 100
1 65
5 22
8 2
2 16
1 17
8 51
1 68
5 79
6 68
6 61
10 49
4 19
1 13
3 78
3 73
7 24
6 10
6 71
10 73
3 47
9 86
10 13
7 23
8 53
10 74
3 85
4 24
8 24
1 85
9 85
8 6
3 91
8 49
10 65
8 72
3 3
9 24
10 96
10 73
3 41
4 15
2 56
1 97
2 59
6 43
9 40
7 7
3 65
6 60
2 3
8 3
2 51
10 87
4 49
10 7
5 21
3 83
8 29
6 99
8 76
10 13
3 63
1 99
2 5
5 92
1 42
4 99
8 80
2 91
9 80
9 44
1 15
1 5
4 24
10 34
10 20
6 44
6 94
3 7
7 60
7 37
5 46
10 88
1 4
3 9
5 55
8 82
7 7
8 77
10 10
7 21
6 79
2 78
2 32
1 98
5 89
5 43
8 45
1 59
9 98
10 86
9 29
7 54
1 37
1 51
4 32
4 78
4 13
2 69
7 61
10 26
3 51
3 63
4 40
9 82
5 0
3 64
8 77
3 15
10 84
8 18
6 40
5 64
4 86
9 74
9 92
2 81
6 33
10 18
3 10
8 59
5 66
6 42
3 86
6 75
2 59
5 71
7 47
5 28
2 78
8 23
3 69
10 34
3 49
1 61
3 37
2 73
10 66
7 49
10 36
10 79
2 62
3 28
10 40
8 56
1 92
7 63
1 92
6 90
6 95
1 69
10 47
7 24
5 13
10 68
5 13
10 41
2 96
6 88
5 46
1 29
1 98
2 18
3 27
2 9
8 85
1 81
9 7
4 30
5 53
1 53
4 17
5 45
1 3
3 13
7 79
1 10
7 8
6 16
2 71
5 44
10 60
5 52
6 90
2 48
1 89
6 19
7 71
2 76
9 50
5 23
9 22
3 62
9 91
5 36
5 85
9 75
3 54
1 62
10 67
4 88
5 4
8 96
2 31
8 5
10 64
2 25
8 69
1 69
2 87
4 7
3 30
5 68
8 5
9 78
6 68
10 85
6 95
10 1
7 43
1 94
10 42
8 28
4 44
10 18
3 32
4 40
10 58
10 6
10 26
7 67
3 31
8 76
2 38
5 31
5 33
8 16
5 66
6 17
4 69
5 45
2 78
9 48
7 11
2 57
10 45
2 61
8 18
2 39
7 79
1 91
9 91
4 26
4 7
8 31
9 99
3 3
2 2
10 9
5 28
4 32
3 26
6 6
3 20
4 56
4 14
2 68
8 88
8 46
4 76
9 36
3 35
5 18
3 10
10 20
1 36
1 59
4 51
7 43
9 62
2 45
5 21
7 67
10 63
9 59
10 6
4 67
6 79
4 53
10 6
5 28
3 33
7 63
6 50
7 15
3 80
5 98
2 24
7 96
1 67
3 59
6 68
5 43
10 57
3 68
6 71
3 81
4 65
4 66
6 92
5 83
6 97
2 37
10 81
9 43
8 25
6 74
3 23
8 17
9 66
6 72
3 38
4 32
6 45
8 61
3 97
10 93
5 16
10 45
6 57
8 15
5 72
10 40
9 24
5 41
10 60
10 85
4 0
4 48
1 43
8 11
10 42
1 57
5 100
5 76
1 91
7 23
9 62
1 29
10 85
6 60
7 25
7 40
8 87
9 54
1 23
2 88
6 99
10 7
7 59
1 35
5 12
9 22
2 76
4 64
10 47
4 19
9 77
8 34
8 80
10 23
1 7
1 99
10 41
9 61
4 33
9 31
8 81
4 87
8 15
6 50
7 36
5 8
4 74
9 72
6 81
4 41
8 60
4 80
10 78
5 27
2 46
10 59
1 2
3 1
9 19
4 57
6 45
5 47
8 15
5 26
5 86
6 81
8 10
4 18
9 83
6 66
4 27
3 40
8 27
3 41
8 63
2 90
5 51
2 8
4 88
4 11
3 89
2 7
5 86
10 58
5 52
5 42
4 31
4 19
8 4
2 50
3 80
3 28
5 70
3 96
3 35
3 55
2 38
9 89
1 48
8 93
10 7
10 5
7 31
10 49
1 85
7 12
2 9
6 77
6 95
7 2
9 88
1 78
4 33
4 11
3 42
7 15
3 65
4 12
8 64
9 82
5 3
9 97
8 79
1 59
3 10
6 94
9 54
6 88
9 62
8 64
7 17
10 27
5 75
2 54
4 6
7 50
2 49
8 10
6 47
5 0
8 78
3 86
6 23
9 57
3 5
7 88
7 72
6 13
2 20
6 22
7 85
5 5
8 33
3 3
5 66
2 65
7 50
2 3
7 16
4 96
3 55
5 80
10 90
10 70
5 65
4 97
6 77
1 55
2 53
3 41
8 94
8 83
4 5
7 35
9 3
9 95
10 87
5 44
6 53
3 40
4 87
1 63
3 22
9 31
2 100
4 58
4 86
4 82
5 2
5 66
10 31
2 0
6 8
2 63
4 79
8 83
1 78
2 12
6 59
7 44
3 84
1 18
8 86
9 5
4 54
9 43
5 89
4 10
4 11
2 79
8 1
1 66
10 87
8 77
3 75
8 78
6 12
4 8
6 19
7 61
9 35
7 47
8 48
3 27
5 39
3 68
10 36
7 80
9 8
8 85
5 78
10 44
10 83
4 85
5 87
8 96
2 83
8 76
10 78
3 44
9 54
3 80
8 88
10 27
9 30
4 0
10 81
1 42
9 16
6 82
3 5
3 26
5 8
8 20
2 48
2 37
9 38
4 85
3 57
2 72
5 0
2 94
2 16
9 98
3 15
1 24
1 50
3 94
1 100
2 71
4 27
4 36
3 76
10 40
7 48
10 84
8 89
1 55
8 48
10 18
10 96
8 33
9 42
7 88
7 17
5 73
6 76
7 0
10 49
1 70
5 38
3 6
1 65
3 81
3 21
5 77
7 79
4 31
10 81
4 44
9 81
3 7
4 41
2 96
1 26
7 91
8 46
1 87
2 75
9 99
5 15
10 57
2 38
5 0
3 68
9 60
1 72
3 45
3 16
1 97
1 63
1 31
3 28
2 73
9 98
1 16
8 22
7 22
3 38
5 77
5 84
9 78
3 70
2 2
5 23
2 50
6 61
1 82
9 80
5 0
3 91
7 61
7 41
5 2
3 99
2 94
10 69
7 40
10 67
1 86
1 95
9 21
5 59
3 85
2 51
5 31
5 33
9 49
1 54
3 6
5 2
4 26
10 66
1 14
10 7
5 42
5 52
8 93
10 75
8 50
7 61
8 3
10 13
1 77
3 17
3 24
10 90
8 13
10 50
5 75
3 42
3 44
2 67
6 12
3 59
4 81
5 16
3 87
5 84
5 80
3 14
6 33
8 61
9 24
4 62
2 31
9 39
8 38
10 2
8 96
1 13
4 73
1 71
7 2
2 80
7 78
6 22
3 71
7 8
1 71
5 23
5 24
4 85
10 89
6 20
8 10
3 36
9 9
5 15
4 74
7 63
9 63
3 84
8 22
9 60
7 61
1 33
3 38
5 85
8 97
5 0
4 16
2 18
6 26
4 96
4 66
2 80
9 88
7 30
3 14
4 37
2 25
4 14
1 27
7 27
8 55
2 98
9 97
6 100
4 22
9 56
3 95
8 47
10 55
8 48
6 28
4 89
3 66
10 35
6 90
6 99
3 63
7 91
2 98
5 26
4 15
9 70
4 31
5 19
8 72
4 17
1 75
10 20
3 3
1 32
10 86
7 2
8 73
4 31
8 70
3 48
9 89
1 5
3 47
5 42
5 68
1 99
4 92
5 99
8 68
6 8
10 79
3 95
7 14
7 72
5 42
2 15
2 21
8 12
6 30
9 17
5 6
8 28
6 78
7 59
3 72
9 49
7 91
4 18
6 70
6 23
6 12
9 7
7 6
9 14
5 52
4 50
1 36
4 24
7 43
5 38
5 0
2 72
10 40
5 12
1 24
9 47
2 77
4 29
8 68
7 50
6 79
9 31
1 8
2 0
5 88
6 21
1 40
2 59
8 57
4 16
8 56
5 97
9 80
9 79
8 73
1 77
6 82
9 43
4 64
1 39
4 23
5 73
10 98
7 48
5 59
1 69
5 46
8 33
5 84
8 83
2 74
4 59
5 55
6 72
8 87
7 34
5 52
1 20
4 45
4 55
8 93
1 38
5 39
4 98
1 98
7 22
10 0
5 93
5 71
6 38
1 48
10 39
10 26
3 20
1 84
10 50
10 66
10 77
8 77
2 70
4 50
4 71
2 97
1 68
5 4
7 3
3 89
3 100
10 26
8 10
2 83
9 48
9 8
7 38
6 37
5 8
6 21
7 24
7 54
10 53
2 29
2 16
6 22
1 57
2 54
7 39
10 25
3 0
2 86
10 25
1 33
2 81
1 29
9 76
4 82
4 77
5 1
10 21
7 22
5 86
4 7
4 51
5 15
9 58
3 79
1 67
6 73
10 60
3 51
1 96
10 29
10 78
9 15
3 50
7 35
10 90
6 40
1 35
5 53
6 35
4 76
3 69
5 77
1 7
2 20
2 43
2 87
7 36
6 71
7 7
9 95
8 66
3 98
8 75
3 20
4 24
8 48
9 72
1 51
5 14
2 66
4 58
9 58
6 89
1 82
4 55
4 23
9 47
4 45
7 27
4 14
8 84
10 96
4 52
8 24
4 67
7 93
3 7
9 56
5 2
6 87
8 20
4 63
10 51
3 53
7 74
5 50
5 21
9 73
7 85
5 63
2 0
1 88
2 86
9 9
9 36
2 49
8 7
7 71
10 33
6 92
9 28
2 79
8 2
5 22
3 76
3 90
1 47
10 1
1 51
3 76
4 70
6 80
8 3
7 46
1 100
5 95
1 65
9 54
5 71
3 79
8 12
4 4
10 47
6 44
4 80
1 36
10 87
3 39
8 37
3 40
1 9
7 6
4 74
4 51
4 45
7 55
8 63
3 74
8 70
7 76
9 29
4 91
6 14
7 94
3 48
4 9
9 30
7 55
2 54
9 39
5 27
1 90
4 11
2 84
6 88
3 84
3 3
7 43
10 20
6 32
8 42
1 84
10 98
1 76
10 16
6 10
7 87
2 83
9 51
2 7
9 96
9 24
5 55
3 72
10 29
10 75
9 99
2 61
4 0
1 69
3 95
5 92
8 86
2 54
2 96
2 38
9 45
8 32
4 14
9 49
1 15
4 9
6 93
9 89
10 85
4 16
6 62
10 50
1 61
5 48
4 3
9 49
7 28
7 63
1 21
7 68
4 18
1 23
7 52
5 37
8 17
6 31
4 26
10 99
5 59
6 20
6 79
4 67
7 11
7 81
7 94
7 14
7 86
1 91
4 36
1 72
1 15
2 93
8 14
7 38
6 24
6 96
3 91
10 27
1 78
6 79
6 100
4 5
5 94
7 82
10 82
3 17
5 71
8 37
10 78
5 67
2 51
1 72
10 25
1 71
6 21
5 68
4 5
7 99
10 42
8 92
10 45
3 72
1 85
10 13
8 8
8 27
7 25
7 34
6 18
1 97
3 75
2 33
8 20
3 71
4 43
7 29
1 69
4 94
9 84
10 62
8 3
4 70
4 49
7 69
5 0
5 57
2 13
4 26
6 49
5 82
8 19
5 94
10 70
5 33
10 22
6 96
2 65
8 94
6 32
4 20
1 3
2 86
4 87
2 41
2 20
8 78
10 53
7 54
9 25
5 74
5 100
10 13
4 91
8 97
3 14
1 31
5 12
6 6
5 54
4 56
9 33
10 43
5 2
8 35
5 86
1 97
6 75
10 23
9 86
4 27
10 23
1 38
3 2
6 13
4 77
9 24
1 18
10 23
9 91
9 30
10 10
2 15
6 6
2 43
2 5
9 67
3 75
3 52
6 81
9 50
7 89
6 75
7 60
1 7
8 99
4 83
10 96
7 65
8 22
7 79
2 81
1 3
2 31
7 39
8 64
9 31
5 34
5 60
3 22
8 76
8 90
3 67
5 64
6 28
1 98
10 9
2 18
8 90
10 23
2 99
5 60
10 96
3 27
6 52
8 2
6 100
2 15
1 93
8 30
1 47
7 75
2 9
8 14
3 11
6 13
9 88
10 64
8 29
5 48
6 53
10 28
7 32
8 0
6 76
10 82
6 98
10 90
10 97
1 20
9 86
3 32
1 71
10 53
6 59
3 71
7 69
10 25
2 40
9 0
7 7
10 51
9 89
2 88
10 69
7 45
7 8
4 73
2 99
4 63
10 68
7 3
9 42
8 33
8 36
6 34
7 47
8 74
3 35
7 30
2 95
7 3
3 78
4 16
7 33
9 98
10 42
10 86
2 25
5 34
3 69
6 73
5 88
2 16
10 98
7 87
6 16
1 44
1 91
8 14
3 71
8 94
2 41
8 44
8 30
8 0
4 9
1 20
3 87
7 92
2 3
1 1
2 24
9 91
3 99
7 99
6 32
8 69
10 61
4 31
6 73
1 27
5 96
2 32
4 98
10 57
6 97
6 60
4 13
1 63
6 31
5 49
10 0
6 2
10 93
1 71
3 14
3 66
9 63
8 14
1 96
2 25
2 93
1 51
3 84
7 17
9 87
3 61
2 88
2 73
8 83
4 1
6 5
9 65
5 97
9 98
5 87
6 80
10 31
10 22
10 20
1 88
2 96
1 99
9 70
10 44
7 45
6 53
5 79
1 54
5 87
10 89
2 52
3 95
2 87
1 25
8 77
7 76
2 42
1 13
8 43
4 40
3 22
5 11
9 14
4 67
9 66
2 4
7 79
8 54
9 68
6 11
8 85
1 93
1 71
1 7
9 62
9 97
4 37
6 94
8 79
7 3
3 51
6 84
1 45
8 32
8 49
2 16
2 45
4 79
2 86
7 92
3 46
10 45
6 79
3 3
5 75
8 66
7 100
10 47
9 10
6 34
5 45
4 42
2 96
3 66
3 83
1 88
8 4
2 59
2 38
9 6
7 58
9 14
7 35
1 25
7 50
3 38
1 100
5 72
4 24
9 70
6 48
7 47
10 74
7 20
8 90
3 20
6 78
4 48
4 47
5 53
4 28
8 33
1 28
4 38
10 46
8 12
8 70
7 7
10 73
1 88
3 39
8 12
6 3
9 6
2 5
2 32
2 15
8 15
6 52
10 92
4 42
2 65
4 40
3 58
4 44
9 42
7 17
9 33
10 59
7 40
1 68
2 33
2 79
5 71
2 65
6 66
8 48
10 64
3 24
6 36
4 95
4 7
7 94
10 96
6 91
6 95
9 28
6 83
3 39
8 47
9 21
7 82
5 96
10 56
2 27
4 31
9 27
6 79
6 89
8 66
10 86
10 61
2 23
7 39
5 63
1 87
1 35
9 23
4 43
1 67
8 80
8 48
4 56
10 35
4 79
10 81
1 29
6 25
7 57
3 14
2 59
8 17
6 43
10 12
6 42
7 47
5 91
2 66
7 55
10 34
9 72
1 78
3 38
2 86
6 88
5 2
2 6
3 75
1 22
7 23
6 90
2 27
9 83
2 46
8 96
6 67
8 59
6 52
3 26
2 35
1 82
10 11
5 87
8 64
6 80
5 54
4 62
4 53
2 91
8 6
9 35
4 13
2 6
6 31
7 56
2 50
5 56
7 84
4 95
3 99
6 37
3 83
1 42
3 2
4 61
7 83
7 63
8 73
9 1
1 87
2 24
9 19
9 23
6 86
3 70
1 30
7 35
7 21
4 16
1 84
6 95
10 65
5 25
2 74
8 13
8 97
2 73
3 32
7 4
9 86
8 3
1 46
7 85
4 30
3 97
2 5
2 27
3 56
1 35
1 51
6 71
6 60
2 59
6 2
8 23
10 57
9 68
5 37
7 56
7 41
4 19
6 62
6 3
3 17
3 54
2 38
4 96
9 32
2 98
8 55
5 44
6 79
8 41
4 0
10 59
7 15
4 86
9 95
2 30
5 87
3 49
1 15
6 89
2 6
9 60
8 75
6 57
4 23
9 94
2 35
2 100
2 83
10 74
9 5
3 13
2 57
4 89
3 65
1 27
10 29
2 54
7 85
10 36
10 97
1 51
6 27
4 55
8 20
1 49
6 95
9 0
9 93
3 9
7 93
4 47
3 55
8 50
7 57
3 63
3 81
9 75
1 60
3 10
9 45
5 93
2 77
6 10
9 1
4 17
8 51
5 19
10 22
9 56
10 35
5 96
5 34
2 45
5 35
8 97
5 42
6 81
8 44
9 76
2 4
2 6
1 75
1 35
3 66
4 59
3 41
9 53
2 42
4 85
1 80
7 58
4 46
7 30
9 28
6 45
6 70
1 49
7 80
2 65
7 2
8 36
10 22
2 18
9 70
6 12
5 64
2 38
10 48
3 86
4 86
1 48
10 98
7 12
4 91
2 9
6 40
6 22
3 62
2 53
9 39
9 81
5 93
2 83
6 24
4 25
9 7
9 47
6 99
5 35
2 36
6 79
8 69
8 51
7 75
5 85
4 12
5 6
9 69
9 79
3 83
6 80
8 48
10 34
6 77
4 19
9 43
2 37
8 52
1 94
10 70
10 3
3 29
6 78
3 39
8 87
8 82
10 2
7 19
5 20
1 92
5 95
9 44
6 28
8 76
1 100
10 75
3 69
1 82
8 7
1 30
7 26
9 88
10 73
6 59
5 61
3 82
1 78
4 93
4 54
5 44
5 13
4 40
9 58
3 83
2 51
1 39
7 96
5 58
5 88
9 33
6 59
1 54
4 3
6 20
3 8
6 3
5 53
9 87
7 58
9 54
1 42
2 10
10 95
10 38
4 35
6 91
2 35
2 71
2 82
9 7
7 51
10 72
2 87
6 52
3 15
4 16
1 8
4 60
4 1
7 100
9 92
3 61
8 44
9 85
9 96
3 4
10 17
1 51
4 22
1 71
4 1
8 74
9 83
3 62
9 89
7 63
10 17
7 50
2 64
2 15
3 6
2 80
6 48
6 18
2 72
3 72
3 16
2 45
5 39
10 79
10 29
8 29
8 81
9 1
2 54
1 2
7 1
5 74
4 35
3 98
10 62
7 38
10 7
10 37
6 89
9 54
4 51
10 96
1 6
7 80
4 9
6 40
2 44
2 91
6 16
4 66
5 63
6 26
6 4
8 79
4 40
4 29
6 36
7 23
1 49
8 65
7 61
7 89
3 29
7 92
3 24
6 84
9 61
8 46
10 42
4 6
3 4
10 85
1 91
1 16
3 17
1 5
9 31
7 96
7 97
8 83
5 19
9 85
3 48
2 75
9 16
10 97
2 20
10 97
4 27
9 39
5 22
6 81
1 78
6 41
6 77
3 67
8 58
4 58
1 81
3 90
1 18
4 68
6 37
7 40
4 58
4 58
4 42
4 73
10 0
10 4
9 62
3 3
8 42
9 9
10 7
9 2
9 18
9 25
5 99
4 94
9 40
2 7
9 95
8 86
1 7
4 8
9 74
5 93
3 44
7 66
5 41
10 5
10 59
4 39
1 85
10 23
7 33
8 52
9 53
7 90
4 10
5 24
1 39
4 22
1 63
7 10
3 77
5 30
2 95
8 82
4 44
1 66
4 87
2 93
9 86
5 17
1 68
6 51
5 23
2 67
9 85
3 29
2 41
2 14
3 71
5 44
3 73
6 18
9 88
3 73
1 11
7 0
10 51
2 77
9 95
1 20
4 59
8 7
1 83
1 93
4 6
2 60
3 8
3 93
10 1
8 44
4 5
7 10
2 71
3 56
1 85
9 61
6 44
10 54
1 13
9 20
2 9
10 25
3 56
9 48
10 39
6 76
5 15
8 10
4 92
1 31
6 7
5 9
4 96
1 64
1 71
6 84
10 74
2 81
7 27
10 23
8 12
4 84
4 85
6 46
6 24
2 63
5 48
8 12
5 15
2 13
9 69
5 84
10 69
6 38
10 22
2 70
1 65
6 89
6 41
1 31
7 73
9 8
6 9
2 65
4 13
5 32
2 91
5 20
8 94
8 62
4 54
4 11
3 86
1 96
9 56
6 76
2 14
10 44
2 54
10 40
8 59
10 25
3 62
1 74
9 82
3 9
8 48
3 65
3 25
9 87
2 11
5 71
2 21
5 19
3 53
6 79
8 26
3 67
4 77
10 56
6 37
9 5
9 17
6 34
2 92
8 41
7 51
9 24
3 89
1 71
2 50
6 77
5 76
9 10
3 5
4 45
4 7
9 73
6 70
6 12
6 58
7 48
4 88
5 72
6 66
8 13
3 25
9 40
9 85
3 98
1 92
5 13
10 29
8 37
4 70
9 100
9 24
2 21
7 18
7 48
7 55
6 51
6 57
6 63
10 82
3 20
3 94
9 93
3 10
5 2
3 17
8 49
2 89
1 98
8 56
5 3
3 0
5 2
7 43
6 39
1 4
2 14
4 22
10 74
1 72
10 89
4 39
6 80
2 19
10 59
8 62
5 15
3 60
8 41
8 79
8 52
4 97
3 91
1 57
6 63
7 18
9 78
7 9
3 1
3 39
7 88
8 56
5 38
6 31
4 3
7 83
4 65
1 52
9 31
7 20
4 97
5 85
5 86
10 73
4 47
7 64
1 50
2 87
5 51
8 34
10 4
8 70
6 1
8 71
9 100
10 61
6 42
3 95
1 29
1 38
4 36
6 36
8 2
2 73
5 21
1 64
8 56
1 60
4 56
2 75
2 3
4 9
1 62
7 63
10 64
1 69
8 85
5 11
4 62
10 85
4 44
1 47
4 55
5 52
8 46
1 20
10 25
3 79
10 42
4 55
2 32
2 63
7 18
7 68
5 87
2 74
7 6
4 78
1 64
6 62
10 93
6 39
5 66
1 48
4 0
9 65
10 67
8 76
3 22
2 27
5 61
10 64
6 45
2 47
2 98
10 32
3 21
2 11
6 72
1 38
5 21
9 92
5 77
6 52
9 50
1 61
3 24
7 76
8 79
9 17
9 91
4 15
4 22
2 40
10 58
4 74
4 26
10 3
1 43
3 73
9 76
4 1
7 79
3 68
4 25
6 80
4 6
4 43
6 52
6 27
9 71
9 93
3 27
7 57
8 84
3 16
10 20
6 27
6 97
4 42
3 13
2 98
1 67
3 12
1 39
8 15
10 66
1 60
7 42
4 12
1 22
6 9
4 39
5 99
1 51
5 17
5 29
10 38
7 72
6 23
2 51
4 6
3 31
10 52
4 79
6 32
6 53
6 32
1 0
8 17
3 1
6 56
9 25
9 63
1 19
5 62
9 27
5 1
8 49
3 10
4 9
2 43
10 42
7 66
2 6
10 99
10 31
10 35
6 57
4 38
6 8
5 63
2 1
4 30
8 86
3 59
2 94
9 42
8 30
3 47
3 24
4 24
6 18
3 21
6 48
5 14
6 89
10 40
5 21
9 23
8 64
9 1
3 93
7 38
6 35
5 98
10 46
2 99
2 86
7 73
3 3
6 66
1 78
10 60
3 12
9 72
2 82
6 0
6 16
1 59
8 88
7 4
10 92
8 38
10 88
6 70
7 75
9 41
6 18
1 62
8 90
10 91
1 4
6 74
7 55
2 100
5 30
1 99
10 15
5 16
4 29
4 24
6 10
10 62
5 11
1 23
3 88
7 92
6 100
3 62
9 1
3 99
4 15
5 41
6 8
10 82
4 48
8 99
1 68
2 72
2 82
4 2
4 10
5 99
2 7
1 87
3 25
4 60
10 32
7 27
9 92
7 16
2 29
1 46
3 0
5 96
9 31
8 46
7 79
1 47
8 100
4 94
7 58
3 71
10 67
6 30
5 61
9 30
10 50
9 37
8 4
5 74
4 39
10 1
3 92
5 28
1 24
1 56
5 24
10 72
2 42
2 50
5 3
2 85
2 67
3 74
7 92
8 16
6 19
1 35
1 13
3 60
6 87
9 54
5 56
1 82
6 8
2 61
9 58
1 79
1 7
8 65
10 3
9 7
10 28
4 44
10 18
6 40
2 5
2 52
2 2
7 59
7 97
1 41
2 92
6 70
10 96
10 4
10 62
9 65
9 69
9 15
8 88
1 6
4 66
7 46
6 2
3 47
4 11
2 0
3 81
5 53
3 72
7 79
6 96
3 89
2 78
1 32
2 62
9 43
7 34
6 83
6 85
2 51
6 31
9 3
1 65
6 77
10 95
2 44
10 44
6 27
5 75
4 55
9 7
9 84
2 70
9 64
8 61
4 37
10 15
9 77
10 76
3 26
7 97
4 83
2 77
3 33
8 64
4 68
5 13
2 43
10 9
2 99
2 91
2 84
10 66
10 42
10 22
7 88
5 57
10 41
4 0
8 44
7 14
9 47
3 31
6 29
8 100
7 53
3 3
6 99
1 68
10 36
10 100
8 80
7 89
6 85
5 45
7 84
8 55
1 66
9 13
8 100
2 44
5 69
6 5
8 100
10 37
3 59
7 10
2 72
2 67
9 37
2 48
4 100
9 100
6 14
6 40
6 45
3 66
1 71
1 93
10 70
6 59
10 4
6 98
6 81
7 85
2 64
6 70
1 24
7 56
1 59
6 66
10 36
7 91
6 14
2 97
1 92
3 31
2 48
1 25
4 6
9 48
7 0
9 6
10 97
3 33
3 6
4 48
4 5
3 7
2 34
4 64
7 7
4 25
5 57
10 72
3 33
4 8
5 40
3 4
3 12
4 27
8 84
5 44
8 2
8 83
2 97
2 15
6 54
7 38
4 67
3 100
7 15
7 84
4 23
9 90
5 93
2 6
1 99
1 56
3 87
9 90
10 38
9 60
8 52
7 2
3 40
3 99
4 25
7 15
1 33
1 0
3 24
1 16
8 35
6 40
2 47
6 2
9 100
3 72
6 86
7 56
10 85
4 50
6 82
1 33
9 86
5 97
10 10
1 26
9 99
7 19
7 53
2 37
5 57
1 13
7 27
5 99
6 26
1 74
1 42
7 12
2 12
7 75
4 84
4 45
4 52
8 50
1 42
4 65
3 24
9 70
5 51
4 52
3 36
9 7
1 63
4 33
5 26
1 93
3 34
9 11
7 7
5 16
1 27
2 25
9 66
4 66
9 66
9 99
1 26
3 57
9 63
2 73
6 51
1 43
4 91
9 55
5 7
4 96
6 93
6 95
1 48
6 74
8 29
8 35
9 61
10 6
4 41
9 31
9 64
7 23
3 83
7 99
7 18
3 89
3 20
5 69
9 57
9 37
7 0
4 39
1 87
7 57
3 40
7 61
2 14
7 33
8 89
4 58
6 98
1 2
9 38
8 74
4 74
2 53
2 60
7 90
1 86
8 76
7 83
2 56
9 19
3 10
7 92
7 10
2 26
4 52
2 31
6 53
7 36
5 96
7 19
10 92
8 15
7 83
1 83
2 99
5 48
6 9
2 21
1 46
3 31
1 96
9 59
5 87
4 57
2 67
3 28
5 9
6 59
10 77
5 88
5 5
1 53
4 19
1 0
5 88
2 65
8 57
7 83
4 68
2 63
6 77
6 21
6 62
7 31
8 40
4 97
7 91
5 13
10 81
8 9
10 58
5 0
2 27
2 75
6 3
6 32
1 48
6 4
1 10
1 63
1 7
4 38
3 64
7 1
10 44
1 40
1 95
7 38
10 40
8 20
10 67
6 66
4 53
4 48
2 90
7 89
2 12
5 48
7 60
7 61
1 48
7 73
6 65
10 51
3 88
2 45
8 88
2 11
2 71
5 1
3 29
2 5
2 86
6 16
8 45
1 64
1 13
9 51
7 57
2 12
8 38
3 32
7 79
5 2
8 71
10 89
9 81
8 42
4 55
1 40
5 69
4 58
5 8
3 90
6 15
2 87
7 17
3 93
5 39
7 89
4 53
4 40
7 64
3 87
9 44
3 2
8 36
3 88
1 0
8 73
7 72
7 62
1 50
4 37
4 45
6 1
3 91
2 15
9 11
9 19
4 14
2 69
1 14
3 8
5 99
4 56
5 19
9 98
10 76
2 64
3 82
7 1
1 36
9 5
5 93
2 27
9 35
6 81
4 89
2 17
7 64
5 28
4 15
6 27
4 8
1 46
5 54
5 59
9 95
2 47
8 35
4 61
9 59
2 96
4 45
1 24
1 36
10 38
1 38
4 82
9 83
9 84
10 49
2 50
4 65
2 93
5 91
6 88
2 98
8 2
6 6
9 44
5 33
7 50
10 10
5 65
8 60
3 71
4 98
8 79
4 74
4 84
3 82
7 11
7 63
7 44
5 95
7 69
1 3
8 79
5 100
2 84
8 56
2 63
8 8
1 80
8 87
10 52
2 44
10 42
10 31
9 54
3 80
9 47
1 100
3 0
1 83
8 3
6 51
5 63
8 20
2 98
1 14
6 20
3 56
2 48
4 88
9 73
10 98
9 37
3 46
10 43
2 58
3 34
1 0
8 84
6 93
8 23
2 85
2 3
8 72
8 27
6 89
10 31
7 13
6 73
3 100
3 23
4 30
2 75
2 59
1 86
1 21
10 14
8 94
3 2
5 28
1 2
1 42
9 76
8 62
8 76
2 3
4 71
2 82
7 98
2 22
2 7
4 41
6 45
2 0
3 32
10 2
6 97
2 81
2 11
10 74
7 42
1 66
1 65
7 37
2 45
3 18
2 5
3 14
5 12
7 16
9 24
6 72
8 10
10 84
5 79
10 75
2 77
6 51
4 1
8 71
4 15
8 21
10 21
6 73
8 46
7 82
10 25
6 8
1 67
2 60
2 97
2 45
3 59
7 19
8 25
10 73
7 13
1 94
6 34
9 20
2 75
2 94
7 81
8 10
5 77
2 65
9 56
8 72
5 18
2 68
9 35
10 16
3 75
1 6
4 37
6 53
1 64
4 0
8 78
5 41
7 6
1 43
2 1
9 39
3 45
6 49
1 77
9 65
10 7
3 57
6 53
5 27
4 62
1 65
8 39
1 24
3 62
2 51
1 6
4 21
4 5
9 69
4 37
9 42
4 39
4 3
1 32
9 54
1 6
3 20
3 29
10 95
7 23
5 82
8 33
7 78
7 13
8 35
6 91
10 55
5 20
8 87
2 10
3 40
8 44
2 68
2 37
8 96
3 29
8 99
6 7
1 6
4 65
5 37
10 18
8 69
2 33
8 56
4 77
4 4
5 36
10 36
2 76
8 34
1 34
1 80
1 57
7 35
5 14
4 55
2 94
6 73
3 13
3 1
4 81
7 19
9 80
7 54
7 56
6 65
4 33
8 14
9 95
5 56
9 27
3 70
2 55
9 37
3 4
7 23
5 74
3 61
7 72
8 22
4 67
8 68
1 2
9 60
9 29
5 68
1 16
2 9
9 43
5 71
4 79
5 80
4 57
10 34
6 40
3 0
4 96
6 90
6 79
7 52
5 56
2 77
1 63
4 49
4 65
7 29
2 65
6 65
7 21
6 46
7 10
3 4
6 94
6 2
3 0
7 61
7 90
9 19
5 47
1 17
6 84
7 5
2 9
8 26
4 15
2 48
5 19
10 1
6 13
4 15
4 53
7 51
3 77
7 85
8 46
10 64
4 92
8 90
1 1
5 73
10 8
3 86
1 3
5 58
4 68
5 23
2 70
7 23
1 21
3 6
10 23
10 80
3 42
10 15
6 82
4 62
8 64
7 45
7 61
2 46
6 29
5 31
8 73
9 83
4 92
2 14
10 76
1 0
10 59
4 23
8 44
4 48
3 44
9 26
1 66
6 41
6 53
8 11
3 70
8 47
6 37
5 8
4 86
1 53
7 11
2 84
